1.043235547142505129e+04 1.311050792723765881e+03 5.995892953042173758e+03 6.898728676303260727e+03 1.479715624795703843e+04
1.257254587807916505e+04 1.178080300945733143e+03 4.965946985386782217e+03 6.927028820962045756e+03 1.086091474353926969e+04
1.038196649346476806e+04 1.112632737196750895e+03 5.204199532437787639e+03 6.880382308660680792e+03 1.002396346431038364e+04
1.273049738528720263e+04 1.048444761258924927e+03 5.003335885647201394e+03 6.991345921533101318e+03 1.094323328653774843e+04
1.131126851183414146e+04 1.443064177719381860e+03 5.568939445095122210e+03 6.716246450980130248e+03 1.346920243204544386e+04
1.171814300371582794e+04 1.264785533737571768e+03 5.485724277322226953e+03 6.748419291801901636e+03 1.387552438633320162e+04
1.222673001852856032e+04 1.094985920627590758e+03 5.519879634262479158e+03 7.945895793601912374e+03 1.001695877143931466e+04
1.141865759137598616e+04 1.069667127934767268e+04 4.750013402029017925e+03 1.303353609492678743e+03 2.117401246049802921e+03
9.838689097778345968e+03 1.073383620728625829e+04 4.299170178026949543e+03 2.609013260613190141e+03 3.096501427083722774e+03
1.047873507641134165e+04 9.965283877944624692e+03 5.109152164838323188e+03 -2.737749961386043196e+03 4.145716639503081751e+03
9.325423745811640401e+03 1.111301303854229445e+04 4.284776684628247494e+03 4.187890481993348430e+02 2.036173149070587897e+03
7.857718365445161908e+03 9.084437405258966464e+03 5.744215574173486857e+03 1.123514527299564634e+02 5.781114140592517288e+02
7.041316237075711797e+03 9.361888073937243462e+03 6.708971485285304880e+03 1.911245611657928521e+03 2.742428599270908762e+03
5.634701771872146310e+03 9.960755218704935032e+03 5.314810839920063700e+03 4.591439669188850417e+02 3.601983922074807197e+03
6.486787836211082322e+03 9.034461034014253528e+03 3.639612350911671001e+03 7.797163563031176636e+00 -3.958460154085912563e+02
6.747982684925435933e+03 8.264283031687475159e+03 6.392458498074753152e+03 1.132771715431764278e+03 1.291465334077966872e+03
9.692098853212834001e+03 6.598810459245692982e+03 3.517606772370099861e+03 -2.239078667840067283e+01 2.334380133264489814e+03
9.195191800752800191e+03 7.311124736355934147e+03 3.587548315181300495e+03 2.836984430974147472e+03 7.563669792643823939e+02
7.674547861741245470e+03 7.985088854081235695e+03 3.925434763094769551e+03 4.218954594391418027e+02 3.477874276375798217e+03
7.041814500776305977e+03 7.751316026603454702e+03 4.277555591070095034e+03 4.250480980078964421e+02 2.741775599022041206e+03
7.776798895710935540e+03 6.924825454599880686e+03 3.140102602234922415e+03 4.796826674527034129e+02 2.658905013151229014e+03
7.742301933065247795e+03 7.072203832037078428e+03 1.600811359811249986e+03 2.007438488729883375e+03 -6.188436880521421699e+02
5.937547471427209530e+03 6.674009776604434592e+03 3.886120892004272264e+03 6.441384873245865492e+02 4.833387066658087861e+02
5.488241627518839778e+03 5.711544541418298650e+03 9.456479965720832297e+02 2.019085409805707059e+02 6.731246012365495517e+02
6.064194353833013338e+03 5.943006878078246700e+03 4.453568892867320756e+03 1.486666097480081362e+03 2.863304348846098037e+03
7.745297088451189666e+03 6.871704854704958962e+03 2.995361712656385862e+03 2.431827475167630382e+03 7.841895844838381890e+01
7.686419393198537364e+03 6.735296070561862507e+03 2.691902467237830479e+03 1.480735243214905040e+03 2.814928643169250790e+02
6.920637569768746289e+03 6.410459862041852830e+03 3.862122147542769653e+03 2.163749011976678958e+03 1.404559267747495596e+03
7.328977627770314939e+03 6.504463912873216032e+03 3.622619049351359536e+03 -1.348753534154255249e+03 7.449524639147722382e+02
9.339369058211632364e+03 4.148782610034863865e+03 4.138544039838029676e+03 -9.534440247730003648e+01 2.727104691726666715e+03
8.241635386495740022e+03 6.146607735046713969e+03 4.609164057944794877e+02 4.488679735727801585e+02 2.801162273845960499e+03
6.131292004160724900e+03 8.178916673069899844e+03 2.227375352583322638e+03 4.134006111113563406e+02 -2.563259476356824962e+03
7.629139708092534420e+03 5.095568203443392122e+03 2.155494509649240172e+03 -1.317445099490674011e+03 4.023693719811649316e+01
9.217647980702935456e+03 5.303755574677722507e+03 4.038347171231706852e+03 1.578650452724289153e+02 1.860840810633012325e+03
8.497686155919773228e+03 6.559685407675858187e+03 6.601470405027732340e+03 1.339292772471305398e+03 1.979049783689721153e+03
7.819941761897210199e+03 7.351762256974960110e+03 5.276347826535193235e+03 -1.925613326133231340e+03 -7.076111985306331462e+02
1.074783525809352068e+04 7.090070140384750630e+03 3.793512779865658104e+03 1.283023470014858958e+03 2.876343118790678091e+03
1.185650522182976056e+04 6.752926672685783160e+03 6.451089760452448900e+03 5.668368602518289663e+02 1.536155233358067562e+02
1.106545851199953177e+04 7.507191978419834413e+03 3.895706683698655070e+03 3.232346036095395903e+02 1.738846133047121157e+03
6.458018051104044389e+03 7.216694997152013457e+03 5.997238593892465360e+03 1.383333912286476561e+03 5.326583171551985743e+02
5.570255114570985825e+03 1.048435231103871411e+04 4.874317036492991065e+03 -9.118470662948084282e+01 4.207251040220630784e+03
5.040025058453739803e+03 9.687475404047003394e+03 5.276242358684146893e+03 7.460226794739696743e+02 2.466788761028055887e+02
3.870082037778380254e+03 9.876500571194646909e+03 3.557606808425187410e+03 1.103232267351754899e+03 -1.198989026908973301e+02
3.521212967700322224e+03 7.553542421948078299e+03 2.622788660504642394e+03 2.295233918353227182e+03 1.507634668446234855e+03
5.210447475841717278e+03 6.055356836318225760e+03 6.008957751866902981e+03 3.984037260405521465e+03 2.091420924508920507e+03
4.298464689363860089e+03 7.237570919124284956e+03 4.863830242789764270e+03 4.373273647286724213e+02 1.590915317838779856e+03
3.484182444603627573e+03 6.637702615191837140e+03 4.262546306462329994e+03 -4.621852519786009452e+02 2.656833441163101725e+03
3.248925975215912786e+03 9.714307647370960694e+03 4.203167211644498821e+03 -2.666724774756703482e+02 5.443172063235541600e+02
3.765073176032010906e+03 4.896673005736252890e+03 2.686670944134170895e+03 2.994809845450552530e+03 -6.001123657608573012e+02
5.880093776672940294e+03 5.670641053105204264e+03 2.594245748297070804e+03 2.989461866829516111e+03 9.368510434126628752e+02
4.467604141509808869e+03 5.630284573591837216e+03 5.740471916365115248e+03 1.580029586700688469e+03 2.561871671132208576e+03
6.918544942358159460e+03 5.891405803788814410e+03 4.916817893072176048e+03 3.041584926714518247e+02 -6.118069720497448998e+02
6.713064449542428520e+03 7.873409264199655809e+03 1.810097479571339591e+03 2.464036316447211902e+03 1.525601392616301609e+03
5.434600889538019146e+03 5.976126978012826839e+03 6.280516759358140007e+03 -2.231375819239763132e+02 2.183851103147487265e+03
7.013517762495906936e+03 4.602931040755360300e+03 4.968979851682662229e+03 1.328285160316863312e+03 5.319112749344357098e+02
7.965666873010926793e+03 5.486511958388564381e+03 3.386674627036848960e+03 -1.172121639402486835e+03 1.933438636310734182e+03
7.357504753656519824e+03 6.001649333984094483e+03 2.690911823449737312e+03 -1.306245897534934556e+03 1.697359562302463019e+02
8.371006525537644848e+03 5.860627732522145379e+03 6.333374577742539259e+03 1.121826430025032096e+03 1.352618131842570165e+03
6.678576507387603669e+03 9.718414886180726171e+03 2.382853600232610006e+03 1.303103505894066075e+03 3.575378861663057251e+03
6.390571315264735858e+03 5.752230395051823507e+03 4.008654468008900949e+03 1.841289499346964021e+03 3.188776744746757686e+03
7.227048280435072229e+03 5.766171230001890763e+03 3.407005134245755016e+03 8.429721627818640854e+02 -3.979617260614547831e+02
6.880232825254438467e+03 9.894276773665038490e+03 2.458932010406435438e+03 2.140473345166230956e+03 1.331233510054462386e+02
6.393450597349761665e+03 6.385573367784098082e+03 1.474492000659618952e+03 4.326400570624691682e+02 3.210876510672048425e+03
7.387933835691290369e+03 7.277752045669318250e+03 2.179268362337291364e+03 3.232448355386914045e+02 1.728985283180299348e+03
8.328081292859251334e+03 8.179563544342832756e+03 1.832885031038533498e+03 2.891780730392511032e+03 1.162757278277816113e+03
7.967146572728819592e+03 3.823748599304735762e+03 2.491023922062857309e+03 1.905093094473233464e+02 -1.958930347436098600e+02
7.550245568667085536e+03 5.727803292404821150e+03 2.024200200704000963e+03 1.533860372417588678e+03 9.935413550383236725e+01
8.784892986541468417e+03 5.170678021816250293e+03 2.835618744761218750e+03 -2.152541206630328361e+03 1.730304679757666918e+03
8.688242416213952310e+03 6.749381856781130409e+03 5.827716005450777175e+02 2.352460853795061212e+03 -1.761822011767405911e+02
1.051871419100694584e+04 6.188415450935993249e+03 9.070626527529518626e+02 3.417967007943303088e+03 -3.695303009011879567e+02
1.026577975948268977e+04 6.072066227559016625e+03 2.612753862692077291e+03 6.707844388990149582e+02 2.632658469470374257e+03
1.089502530673567708e+04 5.728768472338175343e+03 6.446960261659392017e+02 -1.518151161486758269e+02 2.935339926179081885e+03
9.249147307379564154e+03 6.019533906119302628e+03 -1.090681780986893273e+03 -6.726300581394893925e+02 -7.021713672556959409e+02
1.097498818886955269e+04 3.287031470831947445e+03 9.265219785280678479e+02 1.306675367478893804e+03 2.239948052228080996e+03
1.204131774650697298e+04 7.230961302795994925e+03 1.766681609393511735e+03 1.418894461146571075e+03 1.389502726216536757e+03
1.198881762687041191e+04 2.849450850289415030e+03 1.189178947686012407e+03 2.032333408197445351e+03 6.329488449616392245e+02
1.033448292849125210e+04 5.837642271398351113e+03 2.627993746096448831e+03 1.913220559936995642e+03 -2.937635103084180628e+02
1.094561128879280477e+04 5.034721633153723815e+03 1.674540776396267347e+03 -2.916843838895470981e+03 2.959696673772518807e+03
1.037433733080172715e+04 6.219524703834393222e+03 9.014277618348519354e+02 -1.192758106044136184e+03 2.262049001335074081e+03
9.681759732358743349e+03 5.004741597440141959e+03 2.110074882275185701e+03 1.510342891715414453e+02 4.174411391105579696e+02
1.097676355557642273e+04 5.470646569773149167e+03 1.605524995199570640e+03 1.296024678193431100e+03 2.831219714992115769e+03
1.263690659522840724e+04 8.745800638532287849e+03 1.809331686536617099e+03 -8.242272071687391417e+02 3.973441172267990623e+03
1.456547326433310081e+04 6.120627345376502490e+03 2.735941227880824954e+03 -2.180380251646965348e+02 -4.834042612870484845e+02
1.599986504240449358e+04 7.306119071682109279e+03 2.149199127283432063e+03 2.669060701097169840e+03 3.584544952129306694e+03
1.508327908813849899e+04 5.700732640347809138e+03 -7.395668889334008327e+02 3.426344461043900651e+02 1.040193377230693841e+03
1.557193907097386182e+04 7.652980939003346066e+03 6.487253133500511240e+02 -2.477313026625499788e+02 -4.038634967754655918e+02
1.726936591461812350e+04 7.247070790414570183e+03 2.388518076288617976e+03 -6.138420951593589052e+02 2.008682509384613695e+03
1.812759570934176372e+04 7.598915152579929781e+03 4.365956390356545853e+02 3.549958553000906250e+03 1.636577219374215474e+03
1.889686546959823318e+04 8.214144327296862684e+03 3.287793561882831455e+02 2.114154975982256474e+03 2.623022987969342921e+03
1.934608706128704944e+04 5.660272667489314699e+03 1.602881665299833912e+03 1.426601116535990741e+03 2.800251792044252852e+03
1.910963247106513518e+04 1.050564247574287219e+04 1.384263549700345493e+03 1.056511044702536537e+03 4.051972047861868759e+03
2.048020144736190196e+04 6.941269946104629526e+03 1.402575405590870560e+03 -7.859224688488114907e+02 -3.698827908418838888e+02
2.084889738076168578e+04 7.093633413556561209e+03 5.902408431895826197e+02 -3.238030616132479281e+03 1.012956791692355864e+03
2.015868061125105305e+04 9.915596980403359339e+03 4.795491245810735563e+02 -1.034387166217105232e+03 1.220308974887991781e+03
2.226838633176755684e+04 9.194962872690430231e+03 8.268532540819134056e+02 2.919268724401131749e+03 1.318673716299745138e+02
1.933928557561891284e+04 8.789721135687512287e+03 4.670978526353720781e+02 -1.342829414691093689e+03 2.607748503755177353e+03
1.917795016819674493e+04 7.949629800441527550e+03 1.266859746427570371e+03 -1.757881891549469401e+03 3.725713171628484815e+03
1.944881457526827580e+04 1.311991412083022988e+04 2.140991326934623430e+03 -2.265135309511731521e+01 3.178842559636081205e+03
1.960735050964578113e+04 8.970084804072077532e+03 -9.394700666579224162e+02 1.835508665472276334e+03 4.591948425395434242e+03
1.891285831205752402e+04 9.490972064296898679e+03 8.032159778438608555e+01 1.711024483383771212e+03 4.329310701450025590e+03
1.764876950552174821e+04 9.307283531654269609e+03 -6.513189910944902294e+01 6.288226565335662599e+02 4.013617239202665132e+03
1.910336147640995478e+04 9.066043465381429996e+03 -7.678836346637598353e+02 1.085501748172077441e+03 3.835268558173037945e+03
1.857420306238042031e+04 9.405760552456589721e+03 8.815770787969811408e+02 1.566183861422034624e+03 2.803208919795280053e+03
1.921936645116025829e+04 9.168825080610942678e+03 -9.083797627744841066e+02 1.309578123763515805e+03 2.856162328188345327e+03
2.066065957578801317e+04 7.086303249924301781e+03 -8.511619919495984732e+02 7.637110570839142838e+02 4.710566019517104905e+02
2.044068119439949805e+04 8.034717707651950150e+03 -8.791431529088208663e+02 -9.144674033009300729e+01 -2.215683136154088970e+02
2.046593219929239422e+04 8.720809080418652229e+03 1.178076668874300822e+03 2.245310581177949189e+03 3.250497350417558209e+03
2.172761460675650960e+04 5.270655525955578923e+03 6.330541364212735971e+02 1.782258752995964869e+03 3.940907282355963616e+03
2.202504156473435796e+04 8.479083649685000637e+03 -5.421655222418335143e+02 2.251220605252016753e+02 3.434324004908288771e+03
2.278878394580268287e+04 9.287971630298281525e+03 -1.756681432228870335e+03 2.755317691660538912e+03 1.625220391202698465e+03
1.900482660453796780e+04 1.153985033933947489e+04 1.041604310555573193e+03 4.331650779284153714e+02 4.236976423311798499e+03
1.958968466629253453e+04 8.247249504710021938e+03 6.708705561080095947e+01 -1.539223690474914974e+03 1.968912642160183850e+03
1.834031997537798816e+04 9.640890973060317265e+03 1.523332618492729807e+03 -7.196065608039555173e+02 3.603675844703872826e+03
1.531990086286650512e+04 7.991419114750590779e+03 1.130517139069369250e+03 1.611089961252740068e+03 4.191430323655212305e+03
1.677970723130861006e+04 6.626606954944571044e+03 -3.539683901193719748e+02 -3.320819081748170447e+03 2.659093528405581765e+03
1.707343127214619744e+04 8.424143732167925918e+03 -1.066951028888877772e+03 9.192882725337769898e+02 3.509219475783006601e+03
1.722621047599452868e+04 7.786702469276473494e+03 2.143766750115521518e+02 4.396799024644674887e+02 3.057674169463140970e+03
1.806590623138800584e+04 8.301334652139352329e+03 -1.588751840215854372e+03 -8.942106153700177629e+01 2.870671074555250016e+03
1.742002295647257415e+04 8.479151420533145938e+03 -9.045362041062235221e+02 2.103336920073800229e+03 2.952973817126181984e+03
1.758583067847073107e+04 9.088508942246980951e+03 9.815386389055083782e+02 3.461451608040550241e+02 3.835432985672051927e+03
1.847396295791158627e+04 7.816233767071546026e+03 -1.616464907187730375e+02 -1.342045244211537238e+03 2.638598612971147304e+03
1.869190365127367841e+04 6.400262559894644255e+03 1.555084095849829055e+03 1.977970033755088366e+02 8.430192922536903097e+02
1.807652591930321432e+04 7.812279424984077195e+03 -1.243920824725271075e+02 -8.549027117414320855e+02 2.486317833081718163e+03
1.600683557956867298e+04 7.537415834574971086e+03 6.692344785974976276e+02 -7.003427287416021727e+02 3.264862272496979131e+03
1.709584461808411652e+04 7.371295478049523808e+03 -3.230763880285378036e+03 1.503335703486475040e+03 4.281797231136463779e+03
1.483881847396077137e+04 8.612740910139522384e+03 3.453369664070208387e+02 -2.042509545680100246e+03 1.694253379140277502e+03
1.656578147642863041e+04 8.310199571069120793e+03 1.097178164390041957e+02 1.867644607443751056e+03 1.462352687851298015e+03
1.403818902431624883e+04 9.387762422530622644e+03 -1.124555725331422764e+03 1.939739341258767524e+02 4.030950562211131000e+03
1.443660625082981824e+04 7.582966036310321215e+03 -1.002899205871094750e+03 1.067100396044942272e+03 5.435578000265240917e+03
1.365187001828758184e+04 5.340630609921898213e+03 -8.875072484730770839e+01 -7.615704735812990975e+02 2.632609380240843620e+03
1.371519720564240197e+04 7.097922232953549610e+03 -2.236865260590039384e+02 7.189570581844714070e+02 4.081487235813600364e+03
1.239824461660661291e+04 6.107972354265414651e+03 -1.747751643741463567e+02 -1.394007270408870454e+03 9.604457116101471001e+02
1.197617296992959928e+04 5.462926796573285174e+03 1.379684911377854405e+03 4.826053519538534147e+02 6.127725498405640792e+03
1.149736168321945661e+04 5.626970268683267022e+03 3.118060730282787517e+03 -4.711415528373315738e+02 5.222096235719051037e+03
7.191128166609129039e+03 4.854789891943893963e+03 2.356490719183711008e+03 2.589068990055460745e+03 2.559929788410665878e+03
6.339116576222142612e+03 5.599355908020839706e+03 1.988956172425388331e+03 8.361427128475545487e+02 3.270358500322826330e+03
5.395038191006304260e+03 7.164641184223349228e+03 3.129409122287664104e+03 4.765780466350193819e+03 2.867579132862751976e+03
6.458767801384130507e+03 4.504996902798499832e+03 -7.612046684616484526e+01 -2.691677614276792610e+03 2.549250976297278157e+03
9.375488224744345644e+03 5.318579235028539188e+03 -1.662572709756383119e+03 7.518055432547139389e+02 1.382083943418631861e+03
8.935926599132542833e+03 8.131873254572905353e+03 3.341024586350589288e+03 2.556740730328433074e+03 5.314637652645693606e+02
9.538371259078552612e+03 3.643991013844032295e+03 3.498718175881412662e+03 -1.106897878583490183e+03 3.280583023389585833e+03
9.990034725269348201e+03 5.112696844420452180e+03 -6.658230175274070461e+01 1.421876600031511316e+03 -9.765386744670622647e+02
8.340264306969664176e+03 4.051425769519902133e+03 4.495904379943657659e+03 5.759967364729773180e+02 6.052315614202739198e+02
9.166260733235409134e+03 8.762127859358222850e+03 1.735201164904561210e+03 -1.024239312946992186e+03 -1.377004120258800413e+02
9.173768475464705261e+03 7.641461498108781598e+03 1.552589717305775821e+03 9.767656038366098414e+01 -6.534577004477591800e+01
7.652165370002508098e+03 7.506583699719873039e+03 2.468589438298031382e+03 1.047940643331475030e+03 -3.610833384681827738e+02
8.511694699078252597e+03 6.728310191000277882e+03 4.696948164123573406e+03 1.932296714805302372e+03 1.263501762540652862e+03
9.044798383030891273e+03 6.615265031708200695e+03 2.620495508159498968e+03 -7.368102907414377114e+02 2.932760936116219455e+03
1.227551524291176429e+04 5.970671407940211793e+03 4.933614721105774152e+03 6.157689453430282356e+01 1.222026454200835360e+03
1.229775617685948600e+04 6.589376572088796820e+03 4.710622786463703051e+03 2.192848171699336945e+03 -2.011003194695690354e+03
1.350042991716789038e+04 7.621858472410743161e+03 5.830830325997749242e+03 -6.800637316004784907e+02 1.742167955729421010e+03
1.526994430011928671e+04 9.316237879093221636e+03 6.121022485952976240e+03 -4.674362965184270706e+02 7.553515594347948081e+02
1.615861604714083660e+04 7.139195107911989908e+03 5.255323577897390351e+03 1.961848365587977469e+03 2.237779728879159848e+03
1.432064973093643312e+04 9.289261023193685105e+03 4.581933966423561287e+03 1.254757087256198247e+03 2.197403482448388331e+03
1.375464408259409356e+04 8.151190719491627533e+03 2.434287553081767328e+03 -7.416927019868511479e+02 4.936288836487235585e+02
1.287802797558744169e+04 9.633071131633725599e+03 4.729432109840761768e+03 -2.295647131752757559e+02 2.443610528452882590e+03
1.286010074860620989e+04 1.164383632689935257e+04 3.547947328948135691e+03 -6.113715293688328529e+02 5.560584654881151891e+02
1.296864333715569228e+04 1.146724680304990397e+04 6.349007537664914707e+03 8.546731158776234452e+02 1.869206635374630423e+03
1.398761096981546871e+04 1.024230655793898586e+04 3.405143101913799910e+03 1.705643342815368214e+03 1.681023595924380515e+03
1.189703198194265133e+04 9.792389243765312131e+03 3.255005176982549528e+03 5.853102313929343836e+02 1.450655425269738998e+03
1.142186238186045011e+04 8.944352251398608132e+03 3.953072575717212203e+03 1.503409462490113583e+03 2.677517072357685265e+03
1.140100965884132711e+04 1.082357507153431288e+04 2.127570745435514254e+03 9.202960804743195240e+02 3.901452716260295801e+03
1.216465144826547476e+04 1.089941652244351280e+04 2.693445029771079135e+03 2.310269065816708462e+03 1.197500639307772644e+03
1.372715716596456332e+04 9.340597043151168691e+03 4.899273549982777695e+03 -4.218105562830107829e+02 1.962702238260137392e+03
1.113635258871875521e+04 9.407121849396917241e+03 4.938415975181036629e+03 1.177742005073098426e+03 3.913133850561179315e+03
1.200732190145158347e+04 8.634559436831214043e+03 4.516143373180270828e+03 -4.466805460037903686e+01 3.640326479536227907e+03
1.244049797665695223e+04 9.306008048981422689e+03 3.723042243747250723e+03 -5.042792717914107925e+01 8.743305878375033444e+02
1.211166135171174938e+04 1.004272834051466816e+04 1.524120806137882028e+03 9.470067683142627857e+02 7.144053683765368987e+03
1.250744294357415311e+04 8.732422496938697805e+03 4.240267876497866382e+03 6.458989282372743901e+02 2.408310802642071849e+03
1.287066712245277813e+04 7.824669782020404455e+03 5.712868098558332349e+03 1.135815199784925198e+03 3.875785504685320120e+03
1.326980862489030005e+04 1.079759194853535155e+04 4.568440707084383575e+03 5.085526776779328429e+03 3.926192159575367441e+03
1.530676714031036499e+04 9.279580038630132549e+03 2.327951904069683678e+03 4.724243767288826348e+02 3.145278262750038721e+03
1.570305503226053406e+04 9.019131257656714297e+03 3.060078953034388633e+03 -8.395794613390509085e+02 1.834945184093463013e+03
1.675856611625102960e+04 1.071664129922401662e+04 4.752713257461426110e+03 5.629085164835792057e+02 2.719225161758656213e+03
1.689533824944748267e+04 1.043921764461109888e+04 4.382123678698601907e+03 1.662126104158126964e+03 2.175523373119944608e+03
1.690776692683828514e+04 1.244885719553731542e+04 6.141226106855822763e+03 -2.165683212810450641e+03 2.893938314174828065e+03
1.746075090610993357e+04 1.207080699106757493e+04 1.617535773214691744e+03 -1.613890212178901493e+03 1.933964516289711355e+03
1.758921321093796359e+04 9.380562549182015573e+03 5.468108418222884211e+03 2.064009614936768685e+03 3.425859487094681754e+03
1.869390895572265072e+04 9.595655887518376403e+03 3.820711066915594074e+03 -2.555595899538892809e+03 3.765384626880456381e+03
2.021442567238217816e+04 1.190321771575263483e+04 2.851114068200888141e+03 6.849719328934647820e+02 3.780751840961520429e+03
1.845274003956205706e+04 1.236485668007067034e+04 5.199337778648721724e+03 -3.708601737025156808e+02 1.845221290988014061e+03
2.004022467431080804e+04 1.296432837375248710e+04 6.252796891349912585e+03 1.032497674611909815e+03 1.198642492189670975e+03
1.993819098992092040e+04 1.133170283196553828e+04 4.226455703918577456e+03 1.368590610722248584e+03 4.718788462666485430e+03
2.014210880414192798e+04 1.487765574453367662e+04 2.522227294028673896e+03 4.903214855009778717e+02 2.891596308670698818e+03
1.722952316909615911e+04 1.078638405187628632e+04 4.014842902894196413e+03 9.353674669696692945e+02 3.614333739737390260e+03
1.735100497358425855e+04 1.217357991071973447e+04 2.389895073705831237e+03 8.486397468058453342e+02 5.203943704991723280e+03
1.797875876897407579e+04 1.141801221266776338e+04 4.259707531819868564e+03 1.379626933807239311e+03 4.858832809194176662e+03
1.724831421296261396e+04 1.295865004644786131e+04 5.052516626926723802e+03 3.934713437958553186e+02 2.923773697194671968e+03
1.669586347316413230e+04 1.187877694178624188e+04 4.624423039914358014e+03 -8.804471721651003691e+02 2.926074821996803621e+03
1.882325942625284006e+04 1.149416147791389994e+04 1.456044833850023679e+03 2.813364884638009244e+03 2.726841653048918943e+03
1.909006354097862641e+04 1.239846663838814857e+04 3.081980643725503796e+03 -6.091616963341796236e+02 2.002044099989231199e+03
1.949351053175604466e+04 1.154975548617549066e+04 3.318712145470722135e+03 3.735955893798859506e+03 3.255133636104420020e+03
2.086107858389057583e+04 1.426654757681958108e+04 3.811606089138491370e+03 2.170476519393421313e+02 2.758065424814037215e+03
2.108134876825251558e+04 1.438614870407643684e+04 5.311562763969548541e+03 4.979015680126643133e+02 2.300972760473909148e+03
2.218038171288503872e+04 1.453787782205617077e+04 3.196750568997807022e+03 2.998038225803949899e+03 3.557577713232425594e+03
2.227622806091325765e+04 1.195167828572308827e+04 2.825888518538371500e+03 1.768746706439341096e+02 4.962095180331583833e+03
2.041953649709941237e+04 1.205504868005579192e+04 3.438341907670482669e+03 -7.414089700464857060e+02 2.781327280220743432e+03
1.853673731404700811e+04 1.369925128390766258e+04 4.656133584368841184e+03 -1.076965455188810211e+03 5.329539679488582806e+03
1.719496776630723616e+04 1.012570237524815639e+04 1.522300890571732452e+03 1.464187100984277549e+03 4.041631166858314828e+01
1.706572792144734194e+04 1.290890368862229479e+04 5.033862994707202233e+03 2.841827065330965638e+02 4.764172687128688267e+03
1.649627384820245061e+04 1.351177683144135335e+04 2.490225105130331940e+03 1.191706049843371829e+03 2.768739869350205936e+03
1.673644979188215075e+04 1.444850247329278682e+04 3.433913757241128224e+03 8.052163781093530588e+02 3.431899922388392497e+03
1.719458189216671599e+04 8.340857885358498606e+03 4.493643048289392937e+03 -1.115554584212322425e+03 2.779161946555373106e+02
1.733565611685999102e+04 9.355433974318373657e+03 4.022032127588427102e+03 2.231998599051747533e+03 2.921252240197418359e+03
1.593308950097470552e+04 1.112928772317900439e+04 6.606024456749450110e+03 8.370779535803610543e+02 5.264099457720380087e+03
1.795790287705127776e+04 9.174964374354482061e+03 5.304161912545103405e+03 -1.056265401474043074e+03 3.537677022619607214e+03
1.873338618223635785e+04 1.129048610729226493e+04 2.402847010983898599e+03 2.591895073091823747e+02 2.250444644356456593e+03
1.938036375504891112e+04 1.164652734820672413e+04 4.925211210014832432e+03 3.067322433615053114e+02 3.529469747138500679e+02
1.930944867899092787e+04 1.406440177542455422e+04 3.358695333829320589e+03 -7.190765721893716318e+02 -1.351870036998739124e+02
2.186950243313238752e+04 1.074600402051962919e+04 6.022957695871024043e+03 8.865257945062991212e+02 2.472212269308733084e+03
2.194745517052360083e+04 1.530245663024717214e+04 7.146149802737182654e+03 1.423216731722243821e+03 2.277184191362760430e+03
2.396376875615598692e+04 1.394075621484533985e+04 5.384124652260120456e+03 1.473865884448435509e+03 1.788349939809563693e+03
2.497420849089980402e+04 1.329599613967293408e+04 4.735122685152191480e+03 -8.232708566733163025e+02 3.247731447758129889e+03
2.554516654381957778e+04 1.229004340344060256e+04 5.420366538046175265e+03 1.431207073508919393e+03 5.039667983819392248e+03
2.710938950522363666e+04 1.427919665525337587e+04 7.126300691011203526e+03 1.558862697905592768e+03 3.015998777565150704e+03
2.601751996712029359e+04 1.686759307791074752e+04 6.891866168196472245e+03 2.448566157770436575e+02 3.837752408079214092e+03
2.542726147231053619e+04 1.538762085862286222e+04 4.975713919842081850e+03 1.781190742863104560e+03 4.094261218391617604e+03
2.592632249155835598e+04 1.721531236342970806e+04 6.188458431474854478e+03 2.206609635159163645e+03 1.545026590472360567e+03
2.702405721163006820e+04 1.539380498607249319e+04 5.683599909056771139e+03 1.103031217373165191e+03 3.947759718382409574e+03
2.761802694923370291e+04 1.576279611505962384e+04 8.328572684028235017e+03 2.465392024081064847e+03 4.762120403827442715e+03
2.857881146698935481e+04 1.684550706755333158e+04 4.098074542729653331e+03 -1.121944742883204071e+03 4.873463549811553094e+03
2.491709152137758065e+04 2.003242349210022439e+04 6.924900170414315653e+03 -3.116516989063986784e+02 3.398937885767516491e+03
2.266110913140645425e+04 1.753273691417025475e+04 6.824376122373331782e+03 2.727266621308306640e+03 2.285319468308749492e+03
2.409705958356162591e+04 1.741584711287999016e+04 6.166780603848149440e+03 1.071864692279127667e+03 4.698402808616374386e+03
2.660239330154706113e+04 1.939636756994770985e+04 7.600688771551022000e+03 7.460436536038810118e+01 3.971716271640134892e+03
2.780289531953581172e+04 1.781281218440706652e+04 5.574193959806511884e+03 3.676349355455179648e+03 7.635195903176989304e+03
2.850567580248762533e+04 1.703402866570830156e+04 6.668148176217504442e+03 -2.539122925997635321e+02 2.722341488996307817e+03
2.894494370609859834e+04 1.733725060146817486e+04 7.705120293249396127e+03 5.185114925807787586e+03 4.914697031448346024e+03
2.893975348336599927e+04 1.830359687387649319e+04 7.585302407457656955e+03 3.247141642694629809e+03 4.672043383402732616e+03
3.015158615142119015e+04 1.689902483974963980e+04 5.791145822086458793e+03 9.850628549260833324e+02 5.776377912622414442e+03
2.892100662051792460e+04 2.074453348746713891e+04 5.689620663352428892e+03 1.499869845007610365e+03 4.568236158769311260e+03
3.116929808356672947e+04 1.795398992265132983e+04 5.715399663437186973e+03 8.847804530730098804e+02 5.685682811998934085e+03
3.218915908445612149e+04 1.758989509247484239e+04 5.550133848036402014e+03 -5.414627532368699576e+02 7.152858830770640452e+03
3.284129516635161417e+04 2.042389790315203572e+04 3.662934873007316128e+03 1.513865319181104951e+03 4.433976884896390402e+03
3.424401308591249835e+04 1.740533792189334417e+04 8.199359624330489169e+03 2.163241268531814057e+03 5.876766814970224914e+03
3.269366272408086297e+04 2.253168428487068377e+04 6.756981226176081691e+03 1.727571834404148149e+03 5.083571717263409482e+03
3.246940642966266751e+04 1.990638338300824398e+04 6.538754110849344215e+03 2.842532071624812943e+03 5.896703251833158902e+03
3.165944362391906543e+04 2.054410121779913243e+04 7.772714954899927761e+03 4.963055007444027069e+02 5.138608014946996263e+03
3.341002548136653786e+04 2.113137161714270042e+04 6.014127367986857280e+03 2.222864772574833751e+03 6.611706481016070029e+03
3.456369632123038900e+04 2.102475536257204294e+04 9.378800854110686487e+03 -4.720160090574881906e+02 5.859382969650091582e+03
3.562989850313084025e+04 1.988625294328485688e+04 6.227480178644260377e+03 4.876370766675150890e+02 5.582300175847235550e+03
3.562570875079172401e+04 2.262477318587642003e+04 9.349554037590543885e+03 5.666708524248571166e+02 5.591288901304062165e+03
3.630554835704823199e+04 1.938811985812932107e+04 7.437930139664476883e+03 -9.406633270383272247e+02 4.150388862756917661e+03
3.499311516866221791e+04 2.384384197368023888e+04 6.896497434853806226e+03 3.845099903269338029e+02 6.243290810155980580e+03
3.474836894604382542e+04 2.082190357291408509e+04 9.294667287339056202e+03 2.700686186051664663e+03 4.691297854130944870e+03
3.238796919713402167e+04 2.179536539895316673e+04 6.675554563098618019e+03 3.509934146525769847e+03 4.304933717812293253e+03
3.336848351339237706e+04 2.454986011218677959e+04 8.472511100484192866e+03 1.744426246532401819e+03 7.185926006536849854e+03
3.439326754568162141e+04 2.054237458496971522e+04 9.361460877511541185e+03 -1.727696566465350543e+03 4.618917616947923307e+03
3.540763502757362585e+04 2.007163260788868865e+04 9.794818493237933581e+03 4.353478205884275667e+03 5.070956050315725406e+03
3.274460539325637365e+04 2.492292464772897802e+04 7.045070038262677372e+03 -4.577329762846597987e+02 3.746694339046012828e+03
3.181499429551528010e+04 2.175399307376382785e+04 1.094938231267255651e+04 -1.034837144796938446e+01 2.881135910728406088e+03
2.938500207132187279e+04 2.229144812631736568e+04 1.115606667707799534e+04 -6.615635439642223901e+02 5.086208451477538802e+03
3.017712479725454250e+04 2.178244493568439430e+04 8.712756937216756342e+03 7.726313655265821581e+02 5.576152520720446773e+03
2.891464707424550943e+04 2.478739593870543831e+04 6.890449136346149317e+03 2.706042559782606077e+03 6.499370251831272981e+03
2.876547239471902867e+04 2.220643638558684324e+04 1.090065009599669975e+04 3.687657680515781067e+01 4.759471085552141631e+03
2.735365285995058002e+04 2.247189433919090879e+04 8.130770180972695925e+03 5.062567933339739739e+02 6.193883642245704323e+03
2.714601505983316383e+04 2.166078623243769107e+04 1.142082164451937388e+04 -1.337539985716740603e+03 4.117214942734436590e+03
2.702101518753448909e+04 2.360538568403276804e+04 8.311914428158293958e+03 1.312819540235522481e+03 5.473570317682757377e+03
2.536985418063358156e+04 2.036567095554089974e+04 9.448711672092787921e+03 7.384481026322091566e+02 5.459739304831683512e+03
2.648406203737526812e+04 2.007131121447639089e+04 1.014592121945487452e+04 2.161446081862859955e+03 4.768671705545570148e+03
2.535059403979032140e+04 2.268493273214387227e+04 7.901946151115842440e+03 1.870917294097861941e+03 5.961280851012055791e+03
2.172177395590394372e+04 1.963990036305378089e+04 6.943787059791962747e+03 1.245153572621109106e+03 5.473026399190994198e+03
2.064809454753136379e+04 1.986440090250152571e+04 1.000949006225158519e+04 4.515211388091242952e+02 4.112345919970039176e+03
1.909497167836893277e+04 2.003454628220949235e+04 8.903301679227850400e+03 3.500119573859670709e+03 6.114309943301352178e+03
1.716455717601677316e+04 1.840905205153166025e+04 9.237100000610071220e+03 1.719567612923146498e+03 4.911338700063899523e+03
1.679291667179649812e+04 1.902687309014212587e+04 9.990208642140458323e+03 2.068668757784463196e+03 3.530036964429953514e+03
1.834415027570744496e+04 1.523988951977159377e+04 1.057234422706834084e+04 2.353073667583584665e+03 3.137714480064875715e+03
1.892538345548751022e+04 1.995539721509131778e+04 9.277754054271192217e+03 6.841166565656429839e+02 4.316620645619686002e+03
1.972060094239564933e+04 1.905089365957816699e+04 9.164014996352932940e+03 2.892593661842671281e+03 4.054518156492802518e+03
2.141634886587569054e+04 1.767528971485163129e+04 8.359271834970981217e+03 2.557109687857661356e+03 5.350448122151577991e+03
2.112806674617693716e+04 1.418018150351832810e+04 8.227061991306978598e+03 1.524375168896014202e+03 4.780318385527305509e+03
2.039491362081107218e+04 1.852704291438650762e+04 8.687336429517707074e+03 -4.789203490214163139e+02 4.338707503314328278e+03
1.942448703809169092e+04 1.899911828164523467e+04 1.085139139091919787e+04 8.514192468207799038e+02 2.741073427049279871e+03
1.970218188678528531e+04 1.872757982050209466e+04 9.638216768962947754e+03 1.222512154091044522e+03 5.082310291139327092e+03
2.060565650963361622e+04 1.611452171799716962e+04 8.407785467397618049e+03 -1.645273004355764670e+03 3.289325844793485430e+03
2.003964476718685182e+04 1.795671434577106993e+04 8.228299330965401168e+03 7.887784748188888670e+02 3.166474452090800241e+03
1.925738634464522329e+04 1.680105166685516815e+04 8.212502249511564514e+03 3.004524305806698976e+03 3.424478024942508455e+03
1.973876817044570635e+04 1.754739717369490972e+04 7.542229900714707583e+03 -1.455518325443075355e+03 1.943535912925800631e+03
1.915219855132013618e+04 1.695690786531120102e+04 6.950842622800704703e+03 2.165385581559733509e+03 2.983927503895192785e+03
2.017231003320700256e+04 1.534561206741226852e+04 4.602868075451464392e+03 1.979523894243068753e+03 4.118009906307122947e+03
2.319071758109153961e+04 1.622803161543384340e+04 8.125209976945094240e+03 3.558747219847507495e+03 -4.527267830741793659e+02
2.103943107882987533e+04 1.314001814286953231e+04 7.933527691208336364e+03 7.142400135730010788e+02 4.234493592924523909e+03
1.866977741007169243e+04 1.430354189995903653e+04 7.285131991771609137e+03 7.089273655522642912e+02 3.067099375098830023e+03
1.991027252063442938e+04 1.439457414634512679e+04 6.487446325707432152e+03 2.286157941892937515e+02 4.210885367111422056e+03
1.822329208970037143e+04 1.401316100612144328e+04 5.534836457894662999e+03 -1.415576340917379412e+03 2.763126021609738018e+03
1.702224504994086601e+04 1.194134036189169092e+04 5.776968574837897904e+03 8.629832373147178259e+02 5.235496794841943483e+03
1.656056815088292205e+04 1.632347742544076937e+04 6.644232573797379700e+03 2.610462089718021161e+03 1.395088930480192403e+03
1.433750551377753072e+04 1.417070647407969773e+04 6.229312806712276142e+03 8.031607399733414923e+02 3.727588383626065479e+03
1.240492355374994986e+04 1.385805860298047264e+04 5.625359232666297430e+03 3.501047033131951139e+03 2.706987771023879759e+03
1.148806528403965422e+04 1.525370044460653298e+04 3.882289359703066111e+03 3.110193784417967436e+03 3.493510641871506778e+03
1.066183239860821413e+04 1.159933928191199811e+04 5.691326932159951866e+03 1.279880163836264728e+03 1.908007460052930355e+03
1.097138878035164817e+04 1.223923475285772656e+04 5.566778147817572062e+03 2.969546027552847136e+03 1.540697876628490349e+03
1.094614392364871128e+04 1.196629697130534259e+04 6.207863771389547765e+03 2.918084516739173523e+03 4.189312709459069083e+03
9.271889887563023876e+03 1.235994660343380565e+04 4.867498571701495166e+03 2.479874974272598138e+03 2.821841192251526536e+03
1.073201101414674122e+04 6.516988498684086153e+03 6.460550618149578440e+03 6.790765564345355187e+02 4.795791272417307482e+03
1.285134073613007058e+04 1.165018501408822158e+04 5.312209770213900811e+03 9.942286429204640399e+02 1.412652568291526677e+03
1.271377524310374793e+04 9.830591029266570331e+03 6.236992853709535666e+03 2.849181622170755873e+03 1.109118445432292219e+03
1.294715595062466855e+04 1.097411378012374007e+04 5.627056249885813486e+03 -1.454657853026695193e+03 1.610126832897810800e+03
1.206317892109750392e+04 8.719682234524294472e+03 6.074852131469285268e+03 2.600039129660516437e+02 1.883953834568967523e+03
1.214657782222717651e+04 1.038264802871683241e+04 6.577678713454726676e+03 1.519517332734192905e+03 2.456895191087054172e+03
1.261864771407116496e+04 1.143281715275075112e+04 5.405093480471892690e+03 2.228562166629259082e+03 3.833901955728359098e+03
1.235292550039659727e+04 1.268037594827577959e+04 6.786292734771715914e+03 1.476611677940100435e+03 4.663454400606840863e+03
1.048710270173618119e+04 1.202674312815603844e+04 5.127042702281402853e+03 1.100605364135996524e+03 -6.816567209958698186e+02
1.156459900318365726e+04 1.236760439796362334e+04 4.562972277940792083e+03 2.967439111805503671e+03 1.479202494514336195e+03
1.122553586686456401e+04 9.128375005921810953e+03 6.275893520377364439e+03 1.667571716803672643e+02 1.856334680455270927e+03
1.107955232456510203e+04 8.665965387483322047e+03 6.365314800362147253e+03 1.936939587451065563e+02 3.961227107386353964e+03
1.066510721089531216e+04 1.059374862439781646e+04 6.229838100180975744e+03 2.257766932517261012e+03 4.052217561152590861e+03
1.039138571311791020e+04 8.527361167559818568e+03 5.493484574495768356e+03 1.167499127322412278e+01 2.807288341503737684e+03
9.597728475601787068e+03 1.035779006508521888e+04 5.832744367154337851e+03 8.729284172850414052e+02 4.672213623527716209e+02
1.071971403065288177e+04 8.824505701724694518e+03 3.151485160601660482e+03 -5.781127775853356070e+02 1.242697320357760418e+03
9.744889316261924250e+03 1.006572646852167236e+04 4.349548691857656195e+03 7.522444711588142354e+02 2.945221708303681226e+03
8.187955101430744435e+03 8.527345181933840649e+03 7.170877926134416157e+03 1.152339978352108801e+03 2.865345631847304048e+03
7.709350228447182417e+03 8.876675382083894874e+03 5.187084815469600471e+03 -5.452280088717799345e+02 3.260368301363101182e+03
5.880769644187681479e+03 7.760875588479660109e+03 3.608595311416221193e+03 3.117437401758505530e+03 4.791139400194247173e+02
7.262938211159260391e+03 6.530212036809814890e+03 7.650876449102952392e+03 4.040093818692937930e+03 1.588759204214125248e+03
9.169997339790945261e+03 6.280362270725285271e+03 4.572693261087686551e+03 2.387723300154177196e+03 1.828909855963963764e+03
8.338184501486452064e+03 7.958666907848248229e+03 4.229987475688191807e+03 -3.467552302187093574e+02 3.025696035225213564e+03
5.537052400214512090e+03 7.494082659298621365e+03 5.163078185870369452e+03 1.870888414503196600e+03 1.814287098929618878e+03
4.773393434807572703e+03 4.967458889618512330e+03 9.284575228537865769e+03 -5.143650329552517633e+02 2.363498641805441366e+03
2.865251608551609024e+03 8.855600515047923182e+03 3.641208835910074413e+03 -2.237516849783896760e+02 1.437991179659900126e+03
1.003863631248726733e+03 8.377261118856549729e+03 5.443642778752825507e+03 2.207785405085201546e+03 2.608242961220113102e+03
3.360304349443936189e+02 5.938562037131737270e+03 5.197871078852222126e+03 2.176542385570247461e+03 -8.038358254472136650e+02
1.722302132673546566e+03 4.296817585095077447e+03 6.112837344605767612e+03 1.325639436113911870e+03 1.589912870287282658e+02
-3.547205231402890604e+02 6.135448296857342029e+03 6.259481241045710703e+03 -1.075114302594802894e+03 1.859732065428880105e+03
-9.824492689498345044e+01 3.990925480914002947e+03 3.234596107610546369e+03 6.638359589229662561e+02 4.506384556008463278e+02
-2.215767489344594196e+03 4.511996193825516457e+03 8.526947213551608002e+03 1.525130059039514890e+03 1.442629224245356909e+03
-3.393566670880444690e+03 4.674183239777784365e+03 6.999471812835542551e+03 -6.178354558710759648e+02 -2.508325223275797953e+02
-4.012414781545843653e+03 3.660178584457606121e+03 6.705795356173164691e+03 -4.151930235757665741e+02 8.076545125124748665e+02
-3.703523452636205093e+03 4.993295387066883450e+03 6.423562297899688019e+03 -1.261603860442510495e+03 -1.407506957724682479e+03
-6.285565579197563238e+03 4.809089626163474350e+03 7.083149243135603683e+03 1.365020452656202906e+03 2.366374696456220136e+03
-6.673605428951583235e+03 5.550539378590650813e+03 6.715762222906990246e+03 1.973336784078762776e+03 -8.762674437743720546e+02
-6.810243428469368155e+03 2.642279450494852426e+03 4.990643250737448398e+03 -2.255014771808192563e+03 1.638622123534524690e+03
-6.316431814085606675e+03 7.943208205667287984e+03 6.901583598513035213e+03 1.334272833177886014e+03 -1.325340777732300012e+03
-4.749343862822503070e+03 2.332051003000160563e+03 9.536455826589313801e+03 4.226479685311018329e+03 -2.751778948513356681e+03
-5.705299384459506655e+03 1.210306645889745823e+03 5.815395725538377519e+03 -9.549315344912064347e+02 5.226643669490139246e+02
-3.857785703683500287e+03 3.376852268789055870e+03 8.797752411185903838e+03 1.506817651779010248e+03 1.606663989260200651e+03
-1.653451733920095649e+03 2.583683751354605192e+03 9.575556775243630909e+03 -3.250586775897583038e+02 -1.263128215330006697e+03
-4.052089365772667406e+02 2.683003496722481941e+03 6.069964569880279669e+03 1.966188378388895217e+03 -6.190313185092991262e+02
-1.177630977338385946e+03 3.591665705399160743e+03 6.122616503340838790e+03 1.123125710422444854e+03 -3.798989249049633941e+02
-2.054630059205583166e+03 8.496064549994778645e+03 8.507185421844333177e+03 -9.949467737723566643e+02 5.163932216044837560e+02
-3.011308253005949609e+03 4.930582530198083987e+03 1.049628417791786342e+04 2.596625821370693302e+03 5.726261731102104022e+02
-1.435460131752157395e+03 3.276897783131475990e+03 8.976070393917107140e+03 1.922040400374891760e+03 -8.627824124672180233e+02
-3.774994431120347599e+03 7.012610541235766505e+03 8.817110314355881201e+03 7.143077033063150338e+02 4.777551340571273499e+02
-3.627687202968153542e+03 7.566618836046220167e+03 1.049656969463077621e+04 2.892277683529101751e+02 2.296577102565071982e+03
-4.260428726075502709e+03 5.122686556765540445e+03 8.184615709235392387e+03 1.866077840695786108e+03 1.228097672355843770e+03
-4.313753855553186440e+03 4.857493899146073090e+03 1.019160034374422867e+04 5.278161076514834349e+02 3.328027050036991454e+02
-5.480887375227000121e+03 9.096844013667136096e+03 8.813669367127988153e+03 -8.879379747037446577e+02 1.489484901740009036e+03
-5.561741044856942608e+03 7.572491928882418506e+03 1.060891060941614523e+04 -1.423880861704864401e+03 7.831321234328925129e-02
-2.328422043925861999e+03 6.956393810508488968e+03 1.018000303216300745e+04 2.493944194275913560e+03 2.019717833137137404e+03
-2.277381982163522480e+03 7.565552175953585902e+03 1.073820918272771087e+04 1.451756551118518246e+03 2.438248564126452322e+02
-1.192211332182172328e+03 7.179049248271571741e+03 8.641131445987921325e+03 -6.564097492008772861e+02 2.971618851172135578e+02
-1.303086395711958630e+03 8.895863538088722635e+03 9.652220135639505315e+03 1.076185738546967514e+03 -1.298809633223403353e+02
-1.019598089908811971e+03 8.000731639013931272e+03 1.141857114038624604e+04 4.513982122227369018e+02 1.031906736315620719e+03
2.590725970986262610e+02 4.977999387488741377e+03 1.046161032914924544e+04 -1.286196387906568361e+02 -5.066455284824347132e+02
-1.359854129609822735e+02 7.520138637659277265e+03 9.058313970373628763e+03 1.358718833833778262e+03 1.182426657898062103e+03
-5.620684002207626691e+02 6.860996611713283528e+03 9.421835112236352870e+03 3.419521363709164689e+03 1.451729104924508192e+03
-1.317673843956805740e+03 6.918399432950503979e+03 1.027571521185759775e+04 1.400931109880287295e+03 3.706144240660002652e+03
-3.537702622544235055e+03 8.801797519419071250e+03 1.129682200354816086e+04 2.618088508074351012e+03 -1.264059625982841226e+03
-2.927785846447175118e+03 8.305357376168181872e+03 1.075324094213677381e+04 1.728048570906755231e+03 -1.889096940885679032e+02
-2.248810652379725980e+03 7.071569540568837510e+03 8.325095362435706193e+03 3.059023655545039446e+02 1.037558721027457523e+03
3.960731875520696121e+01 7.518918446743567984e+03 1.203640654822773649e+04 -7.372012226160086357e+01 -1.378915324257102384e+02
-2.041974865139715121e+03 7.859944829143732022e+03 1.010819221241276136e+04 2.264192924143458185e+03 1.727763167043954127e+02
-1.903064189083291694e+03 6.112029902784124715e+03 9.949919560247859408e+03 3.468314821318247596e+03 -7.890331930218355865e+02
-1.975048649358874172e+03 9.542106003109300218e+03 1.126064634345855666e+04 7.961466548224101416e+02 -2.887129905853498713e+01
-3.826752274551821756e+03 9.934498383229138199e+03 8.211111406383612120e+03 5.741482965938993175e+02 -1.039402763531916207e+03
-4.790111090279969176e+03 5.879222914693399616e+03 9.839723536019353560e+03 2.105662849625172385e+03 -3.431020604565509302e+02
-5.057432247790023212e+03 7.701671660563206387e+03 9.253809968256018692e+03 3.398797129829693404e+03 -8.387710865150444306e+02
-6.006113531020441769e+03 8.621648107874203561e+03 1.025937428519228342e+04 8.072936835879370392e+02 2.283191152709634480e+03
-9.128512427047488018e+03 7.049752655907292137e+03 1.158933565577376794e+04 -6.442311353258805866e+02 4.672372219748755924e+03
-8.659265045445612486e+03 6.710937650423881678e+03 1.081764120027728313e+04 1.315997262409307268e+03 3.726916414494376568e+03
-1.040955791499597217e+04 4.821023803929186215e+03 1.100738178607510963e+04 2.083158261853103795e+03 -1.134090564359552900e+03
-8.878688430387992412e+03 3.749788113102948955e+03 9.265345024134467167e+03 5.534671066921421243e+02 3.464860815088211439e+02
-9.167302427978160267e+03 5.883074049886962712e+03 1.122986026395750014e+04 2.233473063052367252e+03 -1.138343121803421354e+03
-1.000994904407588547e+04 7.254996414773841934e+03 1.141445953129370719e+04 2.257392167542521747e+03 -1.558567319723566015e+03
-1.489267079287863817e+04 5.653636559743429643e+03 1.407106398642459499e+04 -1.638670103449880571e+03 2.942232719613147083e+02
-1.470553639508508604e+04 1.825199448184125686e+03 1.313806757039647164e+04 1.556763020708943941e+03 -1.411193016710227994e+03
-1.393222954510599266e+04 4.343415305746677404e+03 1.294176962517015454e+04 3.719104170056948533e+03 -6.945403710241857880e+02
-1.305171241698403901e+04 7.189528790345006200e+03 1.007843069792100323e+04 1.374992690165521708e+03 -1.924949034084026152e+03
-1.196264536666798995e+04 3.045512198114197872e+03 1.225587227776408326e+04 6.170697248545029652e+02 4.323307161840051549e+01
-1.260417068916472272e+04 1.875261004967795543e+03 9.755182398722172366e+03 2.958426532609076276e+03 1.362969091939543659e+03
-1.311974072172477281e+04 5.034733700530315218e+03 1.036567913250970923e+04 -2.163063135859733848e+02 -2.961719251626565438e+03
-1.365812518207125686e+04 6.925624642724948899e+03 1.004957378195884485e+04 2.406398840510385526e+03 -2.330062293998000769e+02
-1.285806174902676685e+04 1.490396447169765906e+03 9.547896020307463914e+03 2.581631979453312397e+03 -3.234098023568035387e+03
-1.312248137393175602e+04 2.975673423095457110e+03 1.050735544964759720e+04 2.227378662148147669e+03 -1.341262228431879521e+03
-1.173725517025730915e+04 4.222012704597752418e+03 7.928638138452481144e+03 1.128935899964064447e+03 -1.227548913050508872e+03
-1.174498962090545683e+04 2.023746767268901294e+03 9.872594961806922583e+03 2.900998768284939160e+03 -4.672541764461316234e+02
-1.343473131451616791e+04 2.967359346381866544e+03 1.060057651614607130e+04 -1.222780434352534030e+03 -1.373627684774165346e+03
-1.414086472201131619e+04 3.560463716082645078e+03 9.370395261825337002e+03 7.149456158221221358e+02 -1.460430805165974562e+02
-1.323793915220700001e+04 2.012473381966375655e+03 1.260936889413439712e+04 1.799807364689795122e+03 5.499013911957932805e+02
-1.351607178151339940e+04 2.181879179721613127e+03 8.492925603528694410e+03 -2.031737001124306744e+03 9.553133379108446661e+02
-1.356790210151521387e+04 1.087375764140980891e+03 9.541516004019365937e+03 2.145026192474712843e+03 -6.655578364880295794e+02
-1.194377075464410154e+04 5.938447820706837774e+02 9.772168533281246710e+03 7.222311323699236709e+02 1.144014017168074588e+03
-1.119128223343981335e+04 3.829819539043921395e+03 1.189609025733582166e+04 1.920772557104231055e+03 -3.094598831995399451e+03
-9.162750972570289377e+03 3.787020983914308545e+03 1.019309645269447719e+04 1.666333682794449942e+03 1.342345220937295608e+03
-7.974137404850709572e+03 3.146586471957278263e+03 1.114937330761802696e+04 -6.501721101590305807e+01 -1.579043150988475190e+02
-7.960812697825844225e+03 4.659098759517068174e+03 8.012201192424152396e+03 -1.042443622608608848e+03 3.022769635774727703e+03
-8.266309426430225358e+03 3.853220627584513750e+03 1.067309436288725919e+04 6.940040082823604735e+02 -3.415995120796978881e+02
-1.070512405955538998e+04 4.597349032106286359e+03 1.021018777995784149e+04 -1.480338164553859315e+03 -2.758674607192493568e+03
-9.430849657981363634e+03 3.329153222682562955e+03 9.257369469166465933e+03 1.619339946439704363e+03 -1.138156264642409951e+03
-1.247939987777899842e+04 4.293309401598860859e+03 9.780830598634789567e+03 5.467503214853659301e+02 1.221280859952055607e+03
-1.189948255555164178e+04 3.149299500562807225e+03 1.357380042723799488e+04 9.754623751300978256e+02 -2.624975618107870105e+03
-1.263355976363173068e+04 2.282747985314239486e+03 9.168961280223624271e+03 9.964940656428617558e+02 -1.901045463061471537e+03
-1.111246972320691384e+04 4.079100476518294272e+03 9.468686205955544210e+03 5.072317688014960595e+02 -7.052414737287951993e+02
-1.116041295457864180e+04 3.151418594651689091e+03 1.135742771619381710e+04 -1.381704114036543160e+03 -3.455284890637333319e+02
-1.067323120425154957e+04 4.104882966542683789e+03 1.177904403489983815e+04 -9.674554820257594656e+01 1.683391991053869106e+02
-1.341327820633545525e+04 2.460750565021454349e+03 8.817274425821979094e+03 2.015242172760843459e+03 -3.968474205604180497e+03
-1.219701278351221845e+04 3.894977734015797978e+03 9.713853076575804153e+03 -9.164707625803507653e+02 -1.320344887341716003e+03
-8.992861854469761965e+03 9.730682957503604484e+02 9.677005713786815249e+03 1.644967370982248212e+03 -3.411031429669379804e+02
-8.624987130997062195e+03 2.717811378457066894e+03 9.824752176153169785e+03 -6.715923094445724928e+02 5.006543111459236570e+02
-9.692839221485019152e+03 2.769151614841623086e+03 1.105468256692987416e+04 5.128500633803395203e+02 3.627748664083103449e+02
-1.057292309123801897e+04 2.872278859510210168e+03 9.695419328177498755e+03 2.966024760844200046e+02 -1.607480771586510627e+03
-1.021166807815011452e+04 4.369163271640736639e+03 9.845216029693097880e+03 1.735535147843905634e+03 -2.910267009954338278e+02
-9.090604685096030153e+03 3.459424659501023143e+03 9.240764008530546562e+03 8.826620021629869370e+02 1.722608871019172057e+03
-7.023153759520638232e+03 4.381112220409002475e+03 8.709008667246478581e+03 1.931064049572701606e+03 1.328668300670874942e+03
-4.478463573974927385e+03 5.349005916922499637e+03 8.100299017052255294e+03 -5.029939549754930113e+02 -1.248034186987775229e+03
-2.871418334899054571e+03 4.045573874410193184e+03 1.026560648905255584e+04 -1.138667172908532166e+03 6.589169800926815697e+02
-2.196033611831853250e+03 3.924352001419791577e+03 9.223424664701436996e+03 2.539456930805789625e+02 -1.588737148978136702e+02
-2.807935834152633106e+03 3.987721362074423723e+03 8.910804939651658060e+03 -5.259516704697784917e+01 5.185193573967404745e+01
-3.401721412415642590e+03 4.614070011165636970e+03 8.048103401191523517e+03 1.989164131048185027e+02 -4.488634585969256250e+02
-3.683215728534777099e+03 4.452568247383581365e+03 8.236824338504147818e+03 7.394024914705186120e+02 8.426587674391238352e+02
-2.017748341826556953e+03 6.239831229937271019e+03 1.055097947796037624e+04 3.162264588997052215e+03 7.002444690595043539e+02
6.368787787709245549e+02 4.184305305311245320e+03 9.446993634525724701e+03 5.739747524662706155e+02 -4.982099961749107706e+02
-6.291444755988401312e+02 5.521559063612445243e+03 9.580113143608248720e+03 -2.214130046208463227e+02 1.623483758058488888e+02
-1.913935363264145508e+03 1.018738574082739433e+04 9.411516133267934492e+03 -4.845213608334516948e+02 -2.040648309381400850e+03
-5.486563101552292210e+03 5.782968337213793347e+03 1.023323831904883264e+04 -2.097202840027762250e+00 -6.048273916522041418e+02
-4.199176986485332236e+03 6.512597114242701537e+03 9.533918265396125207e+03 5.842727292274164483e+02 1.011135609041171165e+03
-4.295319636413719309e+03 5.961356283940490357e+03 8.773299423785332692e+03 2.436092228731664818e+03 1.338601961079125431e+03
-3.500827380108141824e+03 9.461387826239064452e+03 8.833833433675956258e+03 2.245107977059727546e+03 -1.987697016302160137e+03
-3.156489032690208205e+03 6.140098789919858064e+03 9.347071385710129107e+03 2.970740317501506524e+02 3.116546061716320310e+03
-3.114784765504900406e+03 8.184914704506485577e+03 8.721493167623622867e+03 1.402158943398133943e+03 1.458407918261305554e+02
-4.158052885905005496e+03 6.245074177664357194e+03 1.017501553120444805e+04 3.278852127522394312e+03 5.973301173960596770e+02
-5.850036392629049260e+03 8.002242895392271748e+03 8.866980242435325636e+03 2.095757090061299095e+03 -1.066569769217190924e+03
-5.672356472515652968e+03 6.719776085923769642e+03 9.358131146020152300e+03 2.521707399723834897e+03 -5.718393640342711706e+02
-3.833599676165665187e+03 4.275308637769142479e+03 1.150332418914305708e+04 2.800878889098569744e+03 1.588500168985516666e+03
-5.888738669263673728e+03 6.969284167638655163e+03 8.852341826319701795e+03 4.169073963708420933e+02 7.307063307553115692e+02
-3.446789254999860077e+03 5.649925300853827139e+03 7.389909488123566916e+03 -3.663540981437988648e+02 1.125724348255502719e+03
-4.417663484111973048e+03 5.924164043964607117e+03 1.176377381586681804e+04 8.530390203128279154e+02 2.564294594846279551e+01
-6.270595504848921337e+03 4.218813345874610604e+03 8.212537129951644602e+03 1.300838589861957416e+03 2.533759258529476938e+03
-7.337094152634557759e+03 5.857254063529123414e+03 1.018416485725980237e+04 -9.206743956429158970e+02 -2.808424210616913683e+02
-8.765284687133618718e+03 6.185690001248519366e+03 8.439618548596186884e+03 -1.614332326672911222e+01 -2.726722971757540108e+03
-8.972874073834307637e+03 5.810586743739392659e+03 1.038260966870214725e+04 7.277449180556304782e+02 2.267016999086808482e+03
-1.115746003216090685e+04 4.036066487344619418e+03 7.288009949815888831e+03 1.906264042669130049e+03 1.869610378753668556e+03
-1.086227586947536292e+04 6.146625343171179338e+03 1.055169057540799986e+04 -6.634433106876699640e+02 -9.233318442047313965e+02
-1.135884770349532482e+04 3.677263224394188001e+03 7.440860159953350376e+03 -7.789002812425521824e+02 2.834992486229960377e+03
-9.034854890121756398e+03 3.258428167513909557e+03 9.047728890604152184e+03 -2.604893440170428676e+03 -2.567464748554181824e+03
-1.116884562892837857e+04 2.852973430196932895e+03 9.242400323894902613e+03 2.680851542996113494e+03 -2.032445292751185889e+03
-1.167047801505482130e+04 6.944351455857536166e+02 8.292870805043296059e+03 -1.413555961514592809e+03 6.695993218074301012e+02
-1.129584206492150224e+04 2.623096154646808372e+03 7.948751671414258453e+03 1.100383749904070328e+03 -8.887342483602061520e+02
-1.284147875096711687e+04 1.426667402103807262e+03 9.349674054292432629e+03 2.151231368713263237e+01 -3.117442316166514956e+03
-1.220785198712418060e+04 4.805966600844685672e+03 9.203850605139816253e+03 -6.006790227557706885e+02 -1.789393897022861438e+03
-1.140380742202222791e+04 2.966443123119763186e+03 9.017216416161450979e+03 1.085705885750967127e+03 -2.151881134965468618e+02
-1.083572041046899903e+04 1.115924658496734082e+03 5.735804234816454482e+03 8.792052346935982996e+02 -3.294569337884792048e+02
-8.957083019674504612e+03 1.257383803550412495e+03 7.610885494957778064e+03 -1.082371595345711512e+03 -2.253116107493819072e+03
-7.655401428179608047e+03 5.824178254506156918e+03 8.353209068140449745e+03 1.611287882896932615e+03 6.108290870173372014e+02
-8.676143352007160502e+03 2.704867288478717910e+03 1.011325586740904873e+04 -1.193272525706190891e+03 8.084817669494915435e+02
-6.397623077642967473e+03 4.459544752365411114e+03 1.003156272471663578e+04 -3.179228480550852964e+01 3.560890191118131725e+02
-9.591214609046313853e+03 1.385267256528729831e+03 9.230473010301317117e+03 1.087077743833564909e+03 -3.700625207733904176e+02
-9.445707848315109004e+03 3.724031667744849528e+03 6.959312662336959875e+03 2.883809075056114125e+03 -6.552595490215182963e+02
-1.015873007692093051e+04 3.676674024729642042e+03 7.793973160315684254e+03 1.426152795978486438e+03 -1.792760972043306765e+03
-1.140183456935956565e+04 1.002422265350966882e+03 6.809624485894949430e+03 -2.673008499862282861e+01 -1.438336745752738125e+03
-8.834654167870061428e+03 3.692481694647804034e+03 8.055419328689341455e+03 2.005988510540742482e+03 1.449975963122198209e+03
-8.060937926954688010e+03 1.596987195508784907e+03 7.454954488939893054e+03 1.989997783308318731e+03 -2.835279780294289139e+03
-9.342075407799531604e+03 6.549824155976275506e+02 7.136816512286252873e+03 -9.444286048165502052e+02 -1.341307831915698216e+03
-8.937149285778024932e+03 -7.634083366691947958e+01 1.109653236860141624e+04 1.354915722277999976e+03 -1.094494149767017689e+03
-7.287837937577483899e+03 2.946800785163280125e+03 8.328228102357639727e+03 9.775070877127458289e+02 -5.262409679567485910e+02
-7.838335433967976314e+03 2.583063295691306394e+03 8.810978826882241265e+03 1.060794982067358887e+03 2.058505045636934483e+02
-7.854967344474136553e+03 4.096792174343003353e+03 9.377646718635032812e+03 3.305371084003203919e+02 -1.698186703363556717e+03
-6.132350034316544225e+03 3.270499809311476383e+03 9.244903522538757898e+03 6.594560863887601272e+02 -1.938830923548527608e+03
-7.685113861718018597e+03 4.077412229984386613e+03 7.857426815779646859e+03 -8.473236728375036364e+01 -9.870149148524419616e+02
-5.298896198372563958e+03 5.390253947881878958e+03 1.015895770490860559e+04 1.113656121040235121e+03 -3.086880007587213186e+03
-4.256112486959712442e+03 8.114492190449331247e+03 1.016601505666568846e+04 2.705980005219863870e+03 -2.118400807690652982e+03
-3.781298871190624141e+03 5.280791373656109499e+03 1.056343481498833535e+04 7.284428467201308877e+02 6.110975763095023012e+02
-5.853451228327006902e+03 4.199611167885647774e+03 8.937301306728713826e+03 1.501093779010298704e+03 7.370374565850181625e+02
-7.774264583235524697e+03 6.227119026639717049e+03 1.209747912783448191e+04 1.252559545013813022e+03 2.169762281966121918e+03
-6.004626019981778882e+03 7.477841813388948140e+03 1.036039699955458127e+04 -3.836480510629949094e+02 -6.865234380994485264e+02
-4.651325737669328191e+03 7.998252756725878498e+03 1.005679584235302718e+04 2.937161729339949488e+03 -2.804071159176893616e+03
-5.069660437628162072e+03 7.394588274113709303e+03 1.104859055178881681e+04 6.972844862963190735e+02 -9.199672209600087172e+02
-5.834046266875544461e+03 6.552326893659607776e+03 1.200595335458119189e+04 6.082870152128529071e+02 -8.081736877810647002e+02
-5.438470642583415611e+03 9.515186508858818343e+03 1.013245652453880211e+04 -5.885751694963892078e+02 5.282881268815505109e+02
-4.658844672503164475e+03 6.703767627786947742e+03 1.180010258557944326e+04 1.725795399773623558e+03 5.717958372709804280e+02
-2.489813232869232252e+03 9.354193916623324185e+03 1.300373231155237409e+04 2.484164447046151963e+03 2.246682572973981564e+02
-2.009417869307766978e+03 7.631582456307644861e+03 1.086249770557494776e+04 2.059236781217222415e+03 -3.538797765483593594e+02
-8.647428144541124766e+02 8.077509812485640396e+03 1.162844487680212114e+04 1.206654763997514692e+03 -9.662438137177513227e+02
-1.040726335914528363e+03 6.761428539063920653e+03 1.249894397455446233e+04 1.425589202760925673e+03 1.371516100172651250e+03
4.435790923756417214e+02 1.148894486399727975e+04 1.013167199867744785e+04 1.580399780936519619e+03 5.738440565719797632e+02
1.304574463243852733e+03 1.122595257103735821e+04 1.140805724165936408e+04 3.717286561738300406e+03 2.035434818439462560e+03
-1.321076700523929503e+03 7.656083559140246507e+03 1.116940818199936621e+04 1.665627433886068957e+03 1.953101447295087837e+03
5.926610511469646099e+02 1.175700488655320987e+04 1.329628890402233992e+04 -4.558972824382819908e+02 2.218058978802240745e+03
8.250578072071664337e+02 9.937907207576121436e+03 1.241298480908329839e+04 5.289777919983026777e+02 2.229308855767050318e+03
9.359572240167055952e+02 8.759200908020009592e+03 1.195973308293385708e+04 5.851536472342456818e+02 8.397549697131994435e+02
3.197614290283266200e+03 1.113953953198625641e+04 1.382645530536288061e+04 2.272744554448385315e+03 -1.506650088663459655e+03
5.791301789638242553e+03 1.099259874281186239e+04 1.173062464296611506e+04 -2.793414224957368788e+03 1.758695284232762788e+03
3.200336031564887435e+03 1.331688387804996273e+04 1.132825454724267911e+04 1.797710650097136295e+03 7.852772191359529188e+02
2.460462757796678488e+03 1.169981618863587573e+04 1.485296199057156082e+04 2.648086986519901984e+02 6.229936797155157819e+02
4.437614286182351861e+03 1.091946916900955694e+04 1.208626175938934830e+04 3.432659241172086695e+02 -1.286430182934373079e+02
5.508273420539739163e+03 1.348119203066570662e+04 1.262604693372685506e+04 1.202732856447502854e+03 -7.784347450858294906e+02
3.213909875526817814e+03 1.150606052659786292e+04 1.295052503103869822e+04 3.149276308294695809e+03 2.828042396591647957e+03
2.888984020880425305e+02 1.268980619917963668e+04 1.365116749200304366e+04 1.329311727949043416e+02 2.437749200834170097e+03
-2.148561893496584162e+03 1.162671646365511333e+04 1.156403463147158436e+04 2.255281697446089311e+03 2.512252243072018246e+03
-3.992206678532624665e+03 1.272588539158778622e+04 1.380874519669906476e+04 1.566910066433035126e+03 9.392056965786039200e+02
